0,00 -0,00
0,08 0,05
0,12 0,08
0,19 0,12
0,75 0,16
1,16 0,20
1,30 0,24
2,46 0,28
5,40 0,32
8,92 0,35
13,05 0,40
17,61 0,43
23,62 0,49
30,36 0,53
38,12 0,57
46,57 0,61
55,99 0,65
65,53 0,69
76,36 0,71
88,09 0,76
100,88 0,80
114,08 0,83
128,29 0,87
143,15 0,91
159,21 0,95
175,65 0,98
194,90 1,03
212,96 1,07
232,46 1,11
251,75 1,15
272,81 1,19
294,58 1,23
318,98 1,27
341,34 1,30
366,90 1,34
391,33 1,38
417,31 1,42
442,96 1,46
472,58 1,50
499,98 1,54
530,68 1,59
558,68 1,62
589,63 1,66
619,71 1,70
649,42 1,74
677,09 1,78
706,36 1,82
733,19 1,85
762,73 1,90
791,04 1,93
820,04 1,98
847,75 2,02
875,03 2,05
899,82 2,10
925,29 2,15
951,37 2,19
979,34 2,22
1005,88 2,26
1031,23 2,30
1056,65 2,34
1082,03 2,39
1104,99 2,42
1129,93 2,46
1153,39 2,49
1178,31 2,53
1200,55 2,57
1222,58 2,63
1243,07 2,67
1263,05 2,70
1284,16 2,74
1305,39 2,78
1326,94 2,83
1347,66 2,86
1367,00 2,91
1385,97 2,94
1403,81 2,99
1424,00 3,03
1444,51 3,06
1464,01 3,10
1482,09 3,13
1500,70 3,19
1517,31 3,22
1534,73 3,27
1551,99 3,30
1569,96 3,34
1587,01 3,38
1603,21 3,41
1618,16 3,45
1632,90 3,49
1647,35 3,53
1663,46 3,58
1679,34 3,62
1695,24 3,68
1708,47 3,72
1721,46 3,75
1732,97 3,78
1745,41 3,83
1758,74 3,87
1772,92 3,91
1786,15 3,94
1798,42 3,99
1808,80 4,01
1819,03 4,07
1828,40 4,10
1839,70 4,15
1850,91 4,18
1862,74 4,23
1872,63 4,27
1881,88 4,29
1890,18 4,33
1899,87 4,36
1910,29 4,40
1920,15 4,44
1928,18 4,48
1934,84 4,52
1940,28 4,55
1945,75 4,60
1952,34 4,63
1959,97 4,67
1966,66 4,71
1972,35 4,76
1976,91 4,79
1981,28 4,83
1985,94 4,86
1991,82 4,92
1997,48 4,96
2002,44 4,99
2006,39 5,03
2009,15 5,07
2010,95 5,11
